0 60
1 67
2 114
3 105
4 116
5 105
6 99
7 97
8 108
9 32
10 84
11 105
12 109
13 101
14 83
15 116
16 97
17 109
18 112
19 61
20 34
21 50
22 48
23 49
24 53
25 45
26 48
27 52
28 45
29 48
30 50
31 84
32 48
33 50
34 58
35 48
36 48
37 58
38 49
39 52
40 46
41 57
42 52
43 48
44 34
45 32
46 70
47 105
48 108
49 101
50 61
51 34
52 83
53 99
54 114
55 105
56 112
57 116
58 69
59 120
60 101
61 99
62 117
63 116
64 111
65 114
66 34
67 32
68 76
69 105
70 110
71 101
72 61
73 34
74 49
75 54
76 54
77 34
78 32
79 82
80 111
81 117
82 116
83 105
84 110
85 101
86 61
87 34
88 85
89 110
90 107
91 110
92 111
93 119
94 110
95 34
96 32
97 72
98 111
99 115
100 116
101 61
102 34
103 103
104 97
105 115
106 48
107 49
108 34
109 32
110 80
111 114
112 111
113 99
114 101
115 115
116 115
117 61
118 34
119 78
120 111
121 110
122 101
123 34
124 32
125 84
126 104
127 114
128 101
129 97
130 100
131 61
132 34
133 111
134 109
135 110
136 105
137 79
138 82
139 66
140 45
141 45
142 49
143 50
144 57
145 56
146 55
147 57
148 51
149 53
150 56
151 52
152 34
153 32
154 67
155 111
156 110
157 116
158 101
159 120
160 116
161 61
162 34
163 34
164 32
165 83
166 111
167 117
168 114
169 99
170 101
171 79
172 98
173 106
174 101
175 99
176 116
177 61
178 34
179 78
180 111
181 110
182 101
183 34
184 32
185 83
186 116
187 97
188 99
189 107
190 73
191 100
192 61
193 34
194 34
195 32
196 83
197 116
198 97
199 99
200 107
201 76
202 101
203 118
204 101
205 108
206 61
207 34
208 48
209 34
210 62
211 60
212 33
213 91
214 67
215 68
216 65
217 84
218 65
219 91
220 115
221 101
222 116
223 69
224 120
225 101
226 99
227 69
228 114
229 114
230 111
231 114
232 32
233 45
234 32
235 69
236 114
237 114
238 111
239 114
240 32
241 105
242 110
243 32
244 116
245 104
246 101
247 32
248 115
249 99
250 114
251 105
252 112
253 116
254 32
255 101
256 120
257 101
258 99
259 117
260 116
261 105
262 111
263 110
264 58
265 32
266 65
267 67
268 83
269 69
270 114
271 114
272 46
273 69
274 114
275 114
276 111
277 114
278 84
279 114
280 97
281 99
282 101
283 40
284 102
285 105
286 108
287 101
288 61
289 39
290 47
291 97
292 108
293 109
294 97
295 47
296 65
297 67
298 83
299 45
300 49
301 50
302 46
303 49
304 47
305 65
306 67
307 83
308 83
309 87
310 47
311 98
312 105
313 110
314 47
315 83
316 66
317 69
318 120
319 101
320 99
321 80
322 114
323 111
324 99
325 101
326 115
327 115
328 46
329 112
330 121
331 39
332 44
333 32
334 108
335 105
336 110
337 101
338 78
339 117
340 109
341 61
342 49
343 51
344 56
345 44
346 32
347 114
348 111
349 117
350 116
351 105
352 110
353 101
354 61
355 39
356 60
357 109
358 111
359 100
360 117
361 108
362 101
363 62
364 39
365 44
366 32
367 104
368 111
369 115
370 116
371 61
372 39
373 103
374 97
375 115
376 48
377 49
378 39
379 44
380 32
381 112
382 114
383 111
384 99
385 101
386 115
387 115
388 61
389 39
390 53
391 49
392 53
393 57
394 39
395 44
396 32
397 116
398 104
399 114
400 101
401 97
402 100
403 61
404 39
405 77
406 97
407 105
408 110
409 84
410 104
411 114
412 101
413 97
414 100
415 39
416 44
417 32
418 116
419 105
420 109
421 101
422 83
423 116
424 97
425 109
426 112
427 61
428 49
429 51
430 54
431 52
432 55
433 50
434 51
435 50
436 56
437 49
438 52
439 57
440 51
441 56
442 50
443 52
444 54
445 48
446 76
447 44
448 32
449 115
450 111
451 117
452 114
453 99
454 101
455 79
456 98
457 106
458 101
459 99
460 116
461 61
462 39
463 39
464 44
465 32
466 101
467 114
468 114
469 111
470 114
471 84
472 121
473 112
474 101
475 61
476 49
477 48
478 49
479 48
480 48
481 76
482 44
483 32
484 101
485 114
486 114
487 111
488 114
489 67
490 111
491 100
492 101
493 61
494 53
495 76
496 44
497 32
498 115
499 101
500 118
501 101
502 114
503 105
504 116
505 121
506 61
507 69
508 114
509 114
510 111
511 114
512 44
513 32
514 115
515 104
516 111
517 114
518 116
519 68
520 101
521 115
522 99
523 114
524 105
525 112
526 116
527 105
528 111
529 110
530 61
531 39
532 71
533 101
534 110
535 101
536 114
537 97
538 108
539 32
540 83
541 99
542 114
543 105
544 112
545 116
546 69
547 120
548 101
549 99
550 117
551 116
552 111
553 114
554 32
555 114
556 117
557 110
558 116
559 105
560 109
561 101
562 32
563 101
564 114
565 114
566 111
567 114
568 39
569 44
570 32
571 100
572 97
573 116
574 97
575 61
576 91
577 93
578 44
579 32
580 112
581 114
582 101
583 118
584 105
585 111
586 117
587 115
588 69
589 114
590 114
591 111
592 114
593 61
594 91
595 65
596 67
597 83
598 69
599 114
600 114
601 46
602 69
603 114
604 114
605 111
606 114
607 84
608 114
609 97
610 99
611 101
612 40
613 102
614 105
615 108
616 101
617 61
618 39
619 47
620 97
621 108
622 109
623 97
624 47
625 65
626 67
627 83
628 45
629 49
630 50
631 46
632 49
633 47
634 65
635 67
636 83
637 83
638 87
639 47
640 98
641 105
642 110
643 47
644 83
645 66
646 69
647 120
648 101
649 99
650 80
651 114
652 111
653 99
654 101
655 115
656 115
657 46
658 112
659 121
660 39
661 44
662 32
663 108
664 105
665 110
666 101
667 78
668 117
669 109
670 61
671 49
672 51
673 50
674 44
675 32
676 114
677 111
678 117
679 116
680 105
681 110
682 101
683 61
684 39
685 60
686 109
687 111
688 100
689 117
690 108
691 101
692 62
693 39
694 44
695 32
696 104
697 111
698 115
699 116
700 61
701 39
702 103
703 97
704 115
705 48
706 49
707 39
708 44
709 32
710 112
711 114
712 111
713 99
714 101
715 115
716 115
717 61
718 39
719 53
720 49
721 53
722 57
723 39
724 44
725 32
726 116
727 104
728 114
729 101
730 97
731 100
732 61
733 39
734 77
735 97
736 105
737 110
738 84
739 104
740 114
741 101
742 97
743 100
744 39
745 44
746 32
747 116
748 105
749 109
750 101
751 83
752 116
753 97
754 109
755 112
756 61
757 49
758 51
759 54
760 52
761 55
762 50
763 51
764 50
765 56
766 49
767 52
768 57
769 51
770 52
771 54
772 48
773 49
774 48
775 76
776 44
777 32
778 115
779 111
780 117
781 114
782 99
783 101
784 79
785 98
786 106
787 101
788 99
789 116
790 61
791 39
792 39
793 44
794 32
795 101
796 114
797 114
798 111
799 114
800 84
801 121
802 112
803 101
804 61
805 55
806 76
807 44
808 32
809 101
810 114
811 114
812 111
813 114
814 67
815 111
816 100
817 101
818 61
819 48
820 76
821 44
822 32
823 115
824 101
825 118
826 101
827 114
828 105
829 116
830 121
831 61
832 69
833 114
834 114
835 111
836 114
837 44
838 32
839 115
840 104
841 111
842 114
843 116
844 68
845 101
846 115
847 99
848 114
849 105
850 112
851 116
852 105
853 111
854 110
855 61
856 39
857 65
858 32
859 80
860 121
861 116
862 104
863 111
864 110
865 32
866 101
867 120
868 99
869 101
870 112
871 116
872 105
873 111
874 110
875 39
876 44
877 32
878 100
879 97
880 116
881 97
882 61
883 91
884 65
885 67
886 83
887 69
888 114
889 114
890 46
891 78
892 97
893 109
894 101
895 86
896 97
897 108
898 117
899 101
900 40
901 110
902 97
903 109
904 101
905 61
906 39
907 82
908 101
909 97
910 108
911 32
912 68
913 101
914 115
915 99
916 114
917 105
918 112
919 116
920 105
921 111
922 110
923 39
924 44
925 32
926 118
927 97
928 108
929 117
930 101
931 61
932 39
933 82
934 101
935 113
936 117
937 101
938 115
939 116
940 32
941 116
942 111
943 32
944 101
945 120
946 105
947 116
948 32
949 102
950 114
951 111
952 109
953 32
954 116
955 104
956 101
957 32
958 105
959 110
960 116
961 101
962 114
963 112
964 114
965 101
966 116
967 101
968 114
969 46
970 39
971 41
972 44
973 32
974 65
975 67
976 83
977 69
978 114
979 114
980 46
981 78
982 97
983 109
984 101
985 86
986 97
987 108
988 117
989 101
990 40
991 110
992 97
993 109
994 101
995 61
996 39
997 84
998 114
999 97
1000 99
1001 101
1002 98
1003 97
1004 99
1005 107
1006 39
1007 44
1008 32
1009 118
1010 97
1011 108
1012 117
1013 101
1014 61
1015 39
1016 84
1017 114
1018 97
1019 99
1020 101
1021 98
1022 97
1023 99
1024 107
1025 32
1026 40
1027 109
1028 111
1029 115
1030 116
1031 32
1032 114
1033 101
1034 99
1035 101
1036 110
1037 116
1038 32
1039 99
1040 97
1041 108
1042 108
1043 32
1044 108
1045 97
1046 115
1047 116
1048 41
1049 58
1050 92
1051 110
1052 32
1053 32
1054 70
1055 105
1056 108
1057 101
1058 32
1059 34
1060 47
1061 97
1062 108
1063 109
1064 97
1065 47
1066 65
1067 67
1068 83
1069 45
1070 49
1071 50
1072 46
1073 49
1074 47
1075 65
1076 67
1077 83
1078 83
1079 87
1080 47
1081 98
1082 105
1083 110
1084 47
1085 83
1086 66
1087 69
1088 120
1089 101
1090 99
1091 80
1092 114
1093 111
1094 99
1095 101
1096 115
1097 115
1098 46
1099 112
1100 121
1101 34
1102 44
1103 32
1104 108
1105 105
1106 110
1107 101
1108 32
1109 49
1110 48
1111 56
1112 44
1113 32
1114 105
1115 110
1116 32
1117 60
1118 109
1119 111
1120 100
1121 117
1122 108
1123 101
1124 62
1125 92
1126 110
1127 32
1128 32
1129 32
1130 32
1131 114
1132 101
1133 115
1134 117
1135 108
1136 116
1137 32
1138 61
1139 32
1140 101
1141 120
1142 101
1143 99
1144 117
1145 116
1146 111
1147 114
1148 46
1149 114
1150 117
1151 110
1152 83
1153 111
1154 117
1155 114
1156 99
1157 101
1158 40
1159 115
1160 114
1161 99
1162 67
1163 111
1164 100
1165 101
1166 41
1167 92
1168 110
1169 32
1170 32
1171 70
1172 105
1173 108
1174 101
1175 32
1176 34
1177 47
1178 97
1179 108
1180 109
1181 97
1182 47
1183 65
1184 67
1185 83
1186 45
1187 49
1188 50
1189 46
1190 49
1191 47
1192 65
1193 67
1194 83
1195 83
1196 87
1197 47
1198 108
1199 105
1200 98
1201 47
1202 112
1203 121
1204 116
1205 104
1206 111
1207 110
1208 47
1209 115
1210 105
1211 116
1212 101
1213 45
1214 112
1215 97
1216 99
1217 107
1218 97
1219 103
1220 101
1221 115
1222 47
1223 83
1224 99
1225 114
1226 105
1227 112
1228 116
1229 69
1230 120
1231 101
1232 99
1233 47
1234 69
1235 120
1236 101
1237 99
1238 117
1239 116
1240 111
1241 114
1242 46
1243 112
1244 121
1245 34
1246 44
1247 32
1248 108
1249 105
1250 110
1251 101
1252 32
1253 57
1254 50
1255 44
1256 32
1257 105
1258 110
1259 32
1260 114
1261 117
1262 110
1263 83
1264 111
1265 117
1266 114
1267 99
1268 101
1269 92
1270 110
1271 32
1272 32
1273 32
1274 32
1275 101
1276 120
1277 101
1278 99
1279 32
1280 115
1281 111
1282 117
1283 114
1284 99
1285 101
1286 32
1287 105
1288 110
1289 32
1290 115
1291 101
1292 108
1293 102
1294 46
1295 95
1296 103
1297 108
1298 111
1299 98
1300 97
1301 108
1302 115
1303 44
1304 32
1305 115
1306 101
1307 108
1308 102
1309 46
1310 95
1311 108
1312 111
1313 99
1314 97
1315 108
1316 115
1317 92
1318 110
1319 32
1320 32
1321 70
1322 105
1323 108
1324 101
1325 32
1326 34
1327 60
1328 115
1329 116
1330 114
1331 105
1332 110
1333 103
1334 62
1335 34
1336 44
1337 32
1338 108
1339 105
1340 110
1341 101
1342 32
1343 49
1344 52
1345 48
1346 44
1347 32
1348 105
1349 110
1350 32
1351 60
1352 109
1353 111
1354 100
1355 117
1356 108
1357 101
1358 62
1359 92
1360 110
1361 83
1362 121
1363 115
1364 116
1365 101
1366 109
1367 69
1368 120
1369 105
1370 116
1371 92
1372 110
1373 39
1374 41
1375 93
1376 44
1377 32
1378 112
1379 114
1380 101
1381 118
1382 105
1383 111
1384 117
1385 115
1386 69
1387 114
1388 114
1389 111
1390 114
1391 61
1392 91
1393 93
1394 41
1395 93
1396 41
1397 93
1398 93
1399 62
1400 60
1401 47
1402 67
1403 114
1404 105
1405 116
1406 105
1407 99
1408 97
1409 108
1410 62
1411 10
